100      100      1000     4        521      
200      100      1000     4        914      
300      100      1000     4        691      
400      100      1000     4        1845     
500      100      1000     4        2314     
600      100      1000     4        2799     
700      100      1000     4        3207     
800      100      1000     4        3562     
900      100      1000     4        4182     
1000     100      1000     4        4523     
1100     100      1000     4        4519     
1200     100      1000     4        5303     
1300     100      1000     4        5059     
1400     100      1000     4        6131     
1500     100      1000     4        6796     
1600     100      1000     4        6593     
1700     100      1000     4        7567     
1800     100      1000     4        7731     
1900     100      1000     4        8504     
2000     100      1000     4        8683     
2100     100      1000     4        9257     
2200     100      1000     4        8580     
2300     100      1000     4        9442     
2400     100      1000     4        10598    
2500     100      1000     4        10444    
2600     100      1000     4        10057    
2700     100      1000     4        12220    
2800     100      1000     4        4158     
2900     100      1000     4        12061    
3000     100      1000     4        13354    
3100     100      1000     4        11708    
3200     100      1000     4        5802     
3300     100      1000     4        13265    
3400     100      1000     4        4445     
3500     100      1000     4        13930    
3600     100      1000     4        15526    
3700     100      1000     4        16078    
3800     100      1000     4        15883    
3900     100      1000     4        15445    
4000     100      1000     4        16295    
4100     100      1000     4        18505    
4200     100      1000     4        18722    
4300     100      1000     4        18016    
4400     100      1000     4        6511     
4500     100      1000     4        18635    
4600     100      1000     4        18909    
4700     100      1000     4        17928    
4800     100      1000     4        17983    
4900     100      1000     4        6962     
5000     100      1000     4        20260    
5100     100      1000     4        21769    
5200     100      1000     4        22915    
5300     100      1000     4        21206    
5400     100      1000     4        19631    
5500     100      1000     4        23886    
5600     100      1000     4        22171    
5700     100      1000     4        25106    
5800     100      1000     4        26219    
5900     100      1000     4        7406     
6000     100      1000     4        10181    
6100     100      1000     4        10152    
6200     100      1000     4        25605    
6300     100      1000     4        28098    
6400     100      1000     4        23349    
6500     100      1000     4        25048    
6600     100      1000     4        26828    
6700     100      1000     4        27615    
6800     100      1000     4        25209    
6900     100      1000     4        30860    
7000     100      1000     4        29840    
7100     100      1000     4        10920    
7200     100      1000     4        29694    
7300     100      1000     4        27466    
7400     100      1000     4        30444    
7500     100      1000     4        28709    
7600     100      1000     4        32000    
7700     100      1000     4        33351    
7800     100      1000     4        34852    
7900     100      1000     4        29579    
8000     100      1000     4        33016    
8100     100      1000     4        34733    
8200     100      1000     4        35022    
8300     100      1000     4        31454    
8400     100      1000     4        11634    
8500     100      1000     4        13967    
8600     100      1000     4        38013    
8700     100      1000     4        32490    
8800     100      1000     4        38514    
8900     100      1000     4        39293    
9000     100      1000     4        37301    
9100     100      1000     4        15854    
9200     100      1000     4        37318    
9300     100      1000     4        38580    
9400     100      1000     4        35979    
9500     100      1000     4        34186    
9600     100      1000     4        37851    
9700     100      1000     4        40917    
9800     100      1000     4        41342    
9900     100      1000     4        36644    
10000    100      1000     4        38589    
100      100      1000     4        322      
100      200      1000     4        978      
100      300      1000     4        1334     
100      400      1000     4        1784     
100      500      1000     4        1792     
100      600      1000     4        1108     
100      700      1000     4        2973     
100      800      1000     4        1627     
100      900      1000     4        3379     
100      1000     1000     4        2193     
100      1100     1000     4        4746     
100      1200     1000     4        5322     
100      1300     1000     4        5827     
100      1400     1000     4        6319     
100      1500     1000     4        6201     
100      1600     1000     4        7249     
100      1700     1000     4        7939     
100      1800     1000     4        5274     
100      1900     1000     4        5573     
100      2000     1000     4        10017    
100      2100     1000     4        10420    
100      2200     1000     4        11307    
100      2300     1000     4        11373    
100      2400     1000     4        12928    
100      2500     1000     4        12732    
100      2600     1000     4        13966    
100      2700     1000     4        14110    
100      2800     1000     4        9510     
100      2900     1000     4        16578    
100      3000     1000     4        16496    
100      3100     1000     4        16903    
100      3200     1000     4        11880    
100      3300     1000     4        19722    
100      3400     1000     4        13321    
100      3500     1000     4        20737    
100      3600     1000     4        22669    
100      3700     1000     4        15194    
100      3800     1000     4        24048    
100      3900     1000     4        25340    
100      4000     1000     4        24553    
100      4100     1000     4        25686    
100      4200     1000     4        28238    
100      4300     1000     4        27494    
100      4400     1000     4        30139    
100      4500     1000     4        28817    
100      4600     1000     4        29981    
100      4700     1000     4        30516    
100      4800     1000     4        31736    
100      4900     1000     4        32914    
100      5000     1000     4        36747    
100      5100     1000     4        37960    
100      5200     1000     4        35748    
100      5300     1000     4        40028    
100      5400     1000     4        40963    
100      5500     1000     4        41907    
100      5600     1000     4        39979    
100      5700     1000     4        40904    
100      5800     1000     4        33078    
100      5900     1000     4        43149    
100      6000     1000     4        44011    
100      6100     1000     4        45222    
100      6200     1000     4        46386    
100      6300     1000     4        48045    
100      6400     1000     4        45275    
100      6500     1000     4        50144    
100      6600     1000     4        56214    
100      6700     1000     4        56954    
100      6800     1000     4        53333    
100      6900     1000     4        54295    
100      7000     1000     4        62274    
100      7100     1000     4        47315    
100      7200     1000     4        64781    
100      7300     1000     4        60957    
100      7400     1000     4        68562    
100      7500     1000     4        68643    
100      7600     1000     4        63161    
100      7700     1000     4        64690    
100      7800     1000     4        74283    
100      7900     1000     4        67912    
100      8000     1000     4        77261    
100      8100     1000     4        78999    
100      8200     1000     4        71311    
100      8300     1000     4        71562    
100      8400     1000     4        83934    
100      8500     1000     4        85760    
100      8600     1000     4        86719    
100      8700     1000     4        88284    
100      8800     1000     4        89901    
100      8900     1000     4        92977    
100      9000     1000     4        92896    
100      9100     1000     4        94856    
100      9200     1000     4        86346    
100      9300     1000     4        88062    
100      9400     1000     4        99252    
100      9500     1000     4        102995   
100      9600     1000     4        105018   
100      9700     1000     4        105554   
100      9800     1000     4        96459    
100      9900     1000     4        98748    
100      10000    1000     4        101702   
100      100      1000     4        570      
100      100      2000     4        491      
100      100      3000     4        1342     
100      100      4000     4        1744     
100      100      5000     4        2307     
100      100      6000     4        2587     
100      100      7000     4        2987     
100      100      8000     4        3519     
100      100      9000     4        3850     
100      100      10000    4        4516     
100      100      11000    4        4682     
100      100      12000    4        2182     
100      100      13000    4        5638     
100      100      14000    4        5931     
100      100      15000    4        2801     
100      100      16000    4        2908     
100      100      17000    4        7664     
100      100      18000    4        3296     
100      100      19000    4        8069     
100      100      20000    4        3602     
100      100      21000    4        8801     
100      100      22000    4        9752     
100      100      23000    4        9750     
100      100      24000    4        10198    
100      100      25000    4        10479    
100      100      26000    4        10944    
100      100      27000    4        4895     
100      100      28000    4        11801    
100      100      29000    4        12292    
100      100      30000    4        5510     
100      100      31000    4        13345    
100      100      32000    4        13770    
100      100      33000    4        12698    
100      100      34000    4        6191     
100      100      35000    4        14234    
100      100      36000    4        15896    
100      100      37000    4        16401    
100      100      38000    4        16241    
100      100      39000    4        16715    
100      100      40000    4        17091    
100      100      41000    4        17593    
100      100      42000    4        14847    
100      100      43000    4        19374    
100      100      44000    4        14720    
100      100      45000    4        16914    
100      100      46000    4        19846    
100      100      47000    4        21010    
100      100      48000    4        20481    
100      100      49000    4        21372    
100      100      50000    4        21411    
100      100      51000    4        22743    
100      100      52000    4        22781    
100      100      53000    4        9723     
100      100      54000    4        24482    
100      100      55000    4        24416    
100      100      56000    4        10342    
100      100      57000    4        19389    
100      100      58000    4        10479    
100      100      59000    4        25397    
100      100      60000    4        26104    
100      100      61000    4        26599    
100      100      62000    4        26879    
100      100      63000    4        27698    
100      100      64000    4        28899    
100      100      65000    4        28116    
100      100      66000    4        28727    
100      100      67000    4        29344    
100      100      68000    4        12547    
100      100      69000    4        30290    
100      100      70000    4        30814    
100      100      71000    4        33304    
100      100      72000    4        25060    
100      100      73000    4        32119    
100      100      74000    4        28668    
100      100      75000    4        33139    
100      100      76000    4        14022    
100      100      77000    4        33862    
100      100      78000    4        34664    
100      100      79000    4        35344    
100      100      80000    4        35525    
100      100      81000    4        35773    
100      100      82000    4        37493    
100      100      83000    4        15421    
100      100      84000    4        36667    
100      100      85000    4        37545    
100      100      86000    4        39152    
100      100      87000    4        39641    
100      100      88000    4        40037    
100      100      89000    4        16965    
100      100      90000    4        16879    
100      100      91000    4        39965    
100      100      92000    4        40718    
100      100      93000    4        41496    
100      100      94000    4        17590    
100      100      95000    4        42968    
100      100      96000    4        42614    
100      100      97000    4        43546    
100      100      98000    4        44371    
100      100      99000    4        43997    
100      100      100000   4        18826    
